Tut-14
[lone_wolf@ASUS ~]$ python3
Python 3.9.2 (default, Feb 20 2021, 18:40:11) 
[GCC 10.2.0] on linux
Type "help", "copyright", "credits" or "license" for more information.
>>> import numpy as np
>>> mx = np.arange(1,101).reshape(10,10)
>>> mx
array([[  1,   2,   3,   4,   5,   6,   7,   8,   9,  10],
       [ 11,  12,  13,  14,  15,  16,  17,  18,  19,  20],
       [ 21,  22,  23,  24,  25,  26,  27,  28,  29,  30],
       [ 31,  32,  33,  34,  35,  36,  37,  38,  39,  40],
       [ 41,  42,  43,  44,  45,  46,  47,  48,  49,  50],
       [ 51,  52,  53,  54,  55,  56,  57,  58,  59,  60],
       [ 61,  62,  63,  64,  65,  66,  67,  68,  69,  70],
       [ 71,  72,  73,  74,  75,  76,  77,  78,  79,  80],
       [ 81,  82,  83,  84,  85,  86,  87,  88,  89,  90],
       [ 91,  92,  93,  94,  95,  96,  97,  98,  99, 100]])
>>> 
>>> mx
array([[  1,   2,   3,   4,   5,   6,   7,   8,   9,  10],
       [ 11,  12,  13,  14,  15,  16,  17,  18,  19,  20],
       [ 21,  22,  23,  24,  25,  26,  27,  28,  29,  30],
       [ 31,  32,  33,  34,  35,  36,  37,  38,  39,  40],
       [ 41,  42,  43,  44,  45,  46,  47,  48,  49,  50],
       [ 51,  52,  53,  54,  55,  56,  57,  58,  59,  60],
       [ 61,  62,  63,  64,  65,  66,  67,  68,  69,  70],
       [ 71,  72,  73,  74,  75,  76,  77,  78,  79,  80],
       [ 81,  82,  83,  84,  85,  86,  87,  88,  89,  90],
       [ 91,  92,  93,  94,  95,  96,  97,  98,  99, 100]])
>>> mx[0]
array([ 1,  2,  3,  4,  5,  6,  7,  8,  9, 10])
>>> mx[0,0]
1
>>> mx[0:0]
array([], shape=(0, 10), dtype=int64)
>>> mx[0,1]
2
>>> mx[1,0]
11
>>> mx[:,0]
array([ 1, 11, 21, 31, 41, 51, 61, 71, 81, 91])
>>> mx[:,1]
array([ 2, 12, 22, 32, 42, 52, 62, 72, 82, 92])
>>> mx[:,0]
array([ 1, 11, 21, 31, 41, 51, 61, 71, 81, 91])
>>> mx[:,0:1]
array([[ 1],
       [11],
       [21],
       [31],
       [41],
       [51],
       [61],
       [71],
       [81],
       [91]])
>>> mx[:,0:2]
array([[ 1,  2],
       [11, 12],
       [21, 22],
       [31, 32],
       [41, 42],
       [51, 52],
       [61, 62],
       [71, 72],
       [81, 82],
       [91, 92]])
>>> mx[:,0:1]
array([[ 1],
       [11],
       [21],
       [31],
       [41],
       [51],
       [61],
       [71],
       [81],
       [91]])
>>> mx[:,0]
array([ 1, 11, 21, 31, 41, 51, 61, 71, 81, 91])
>>> mx
array([[  1,   2,   3,   4,   5,   6,   7,   8,   9,  10],
       [ 11,  12,  13,  14,  15,  16,  17,  18,  19,  20],
       [ 21,  22,  23,  24,  25,  26,  27,  28,  29,  30],
       [ 31,  32,  33,  34,  35,  36,  37,  38,  39,  40],
       [ 41,  42,  43,  44,  45,  46,  47,  48,  49,  50],
       [ 51,  52,  53,  54,  55,  56,  57,  58,  59,  60],
       [ 61,  62,  63,  64,  65,  66,  67,  68,  69,  70],
       [ 71,  72,  73,  74,  75,  76,  77,  78,  79,  80],
       [ 81,  82,  83,  84,  85,  86,  87,  88,  89,  90],
       [ 91,  92,  93,  94,  95,  96,  97,  98,  99, 100]])
>>> 
>>> mx
array([[  1,   2,   3,   4,   5,   6,   7,   8,   9,  10],
       [ 11,  12,  13,  14,  15,  16,  17,  18,  19,  20],
       [ 21,  22,  23,  24,  25,  26,  27,  28,  29,  30],
       [ 31,  32,  33,  34,  35,  36,  37,  38,  39,  40],
       [ 41,  42,  43,  44,  45,  46,  47,  48,  49,  50],
       [ 51,  52,  53,  54,  55,  56,  57,  58,  59,  60],
       [ 61,  62,  63,  64,  65,  66,  67,  68,  69,  70],
       [ 71,  72,  73,  74,  75,  76,  77,  78,  79,  80],
       [ 81,  82,  83,  84,  85,  86,  87,  88,  89,  90],
       [ 91,  92,  93,  94,  95,  96,  97,  98,  99, 100]])
>>> mx[0:1]
array([[ 1,  2,  3,  4,  5,  6,  7,  8,  9, 10]])
>>> mx[0:0]
array([], shape=(0, 10), dtype=int64)
>>> mx[0,0]
1
>>> mx[0:1,0]
array([1])
>>> mx[0:1,0:1]
array([[1]])
>>> mx[0:1,0:0]
array([], shape=(1, 0), dtype=int64)
>>> mx[0,0:1]
array([1])
>>> mx[:,0:1]
array([[ 1],
       [11],
       [21],
       [31],
       [41],
       [51],
       [61],
       [71],
       [81],
       [91]])
>>> mx[:,0]
array([ 1, 11, 21, 31, 41, 51, 61, 71, 81, 91])
>>> mx[:,:]
array([[  1,   2,   3,   4,   5,   6,   7,   8,   9,  10],
       [ 11,  12,  13,  14,  15,  16,  17,  18,  19,  20],
       [ 21,  22,  23,  24,  25,  26,  27,  28,  29,  30],
       [ 31,  32,  33,  34,  35,  36,  37,  38,  39,  40],
       [ 41,  42,  43,  44,  45,  46,  47,  48,  49,  50],
       [ 51,  52,  53,  54,  55,  56,  57,  58,  59,  60],
       [ 61,  62,  63,  64,  65,  66,  67,  68,  69,  70],
       [ 71,  72,  73,  74,  75,  76,  77,  78,  79,  80],
       [ 81,  82,  83,  84,  85,  86,  87,  88,  89,  90],
       [ 91,  92,  93,  94,  95,  96,  97,  98,  99, 100]])
>>> 
>>> mx
array([[  1,   2,   3,   4,   5,   6,   7,   8,   9,  10],
       [ 11,  12,  13,  14,  15,  16,  17,  18,  19,  20],
       [ 21,  22,  23,  24,  25,  26,  27,  28,  29,  30],
       [ 31,  32,  33,  34,  35,  36,  37,  38,  39,  40],
       [ 41,  42,  43,  44,  45,  46,  47,  48,  49,  50],
       [ 51,  52,  53,  54,  55,  56,  57,  58,  59,  60],
       [ 61,  62,  63,  64,  65,  66,  67,  68,  69,  70],
       [ 71,  72,  73,  74,  75,  76,  77,  78,  79,  80],
       [ 81,  82,  83,  84,  85,  86,  87,  88,  89,  90],
       [ 91,  92,  93,  94,  95,  96,  97,  98,  99, 100]])
>>> mx[1:4,1:4]
array([[12, 13, 14],
       [22, 23, 24],
       [32, 33, 34]])
>>> mx[:, 1:3]
array([[ 2,  3],
       [12, 13],
       [22, 23],
       [32, 33],
       [42, 43],
       [52, 53],
       [62, 63],
       [72, 73],
       [82, 83],
       [92, 93]])
>>> mx [:]
array([[  1,   2,   3,   4,   5,   6,   7,   8,   9,  10],
       [ 11,  12,  13,  14,  15,  16,  17,  18,  19,  20],
       [ 21,  22,  23,  24,  25,  26,  27,  28,  29,  30],
       [ 31,  32,  33,  34,  35,  36,  37,  38,  39,  40],
       [ 41,  42,  43,  44,  45,  46,  47,  48,  49,  50],
       [ 51,  52,  53,  54,  55,  56,  57,  58,  59,  60],
       [ 61,  62,  63,  64,  65,  66,  67,  68,  69,  70],
       [ 71,  72,  73,  74,  75,  76,  77,  78,  79,  80],
       [ 81,  82,  83,  84,  85,  86,  87,  88,  89,  90],
       [ 91,  92,  93,  94,  95,  96,  97,  98,  99, 100]])
>>> mx.itemsize
8
>>> mx.dtype
dtype('int64')
>>> 
>>> 

Tut-15


